0010
0100
0001
0100
0010
1000
0010
1001
0010
0100
0010
0001
1000
0100
0010
0001
0100
0010
1000
0010
0100
0010
0010
1000
0010
0001
1000
0010
0100
0001
1000
0010
0100
0001
0010
0010
1000
0010
1000
0001
1000
0011
0010
1000
0010
0001
0100
0010
1000
0001
0100
0001
1000
0010
0100
0001
0010
0100
1000
0010
0001
0100
0010
0101
1000
0010
0010
0100
0001
1100
0001
0100
1000
0010
0001
0100
1000
0010
0110
1000
0010
0001
0100
0010
1000
0001
0100
0011
1000
0010
0001
1000
0100
1000
1010
0100
0001
1000
0100
0010
1000
0010
0100
0001
1001
0010
0001
1000
0010
0100
0001
0101
1000
0010
0001
1000
0100
1010
0010
0001
1000
0010
0100
0011
1000
0010
