0010
0001
1010
0001
0100
1000
0001
0101
0010
1000
0010
0100
0001
0001
1000
0100
0011
0100
1000
0010
0100
0001
0100
1001
0001
1000
0100
0100
0010
1000
0001
0100
0010
0001
1000
0010
1000
0100
0001
0010
0100
0001
1000
0010
0100
0001
1000
0010
1000
0010
1010
0001
0100
0010
0001
1000
0010
0100
0001
1000
0010
0010
0100
0001
1000
0010
0001
1000
0100
1000
0010
0001
0101
0010
1000
0010
0001
1000
0100
0001
0010
0010
0001
0100
1000
0010
0001
1000
0010
0001
0100
1000
0010
0001
0010
1000
0100
0010
1000
0101
0001
0010
1000
0100
0001
1000
0100
0010
0001
1010
0010
0001
0100
1000
0010
0001
1000
0100
0010
1000
0101
0010
1000
0001
0100
0001