0100
0010
1010
0001
0010
1000
0010
0100
0001
0100
1000
0010
0001
1001
0100
0001
1000
0010
0100
0001
1000
0100
0010
0110
0001
1000
0010
0100
0001
0010
1000
1000
0010
1100
0010
1000
0001
1000
0010
0100
0010
1000
0101
0010
1000
0001
0010
0010
0001
1000
0010
1000
0001
1011
0100
0010
0001
1000
0010
1000
0001
0100
0010
1010
0100
0001
0010
0100
1000
0010
1000
0010
0100
0001
1000
0010
0011
1000
0010
0100
0001
1000
0010
1000
0001
0100
0010
1000
0010
1001
0100
1000
0001
1000
0100
0011
0100
0010
1000
0001
1000
0010
0100
1100
0010
0100
0011
0100
0100
0010
1000
0001
0110
0100
0010
0001
1000
0010
0100
1001
0010
0001
1000
0100
0110
0010
1000
0001